17100144 32.3
19100189 47.3
19100185 66.3
19100001 84.0
18100225 70.3
18100231 52.8
19100006 38.6
19100041 82.2
19100215 70.8
19100255 39.7
19100035 95.3
19100152 37.4
19100063 69.9
19100036 46.9
19100047 92.8
19100176 54.7
19100075 36.6
19100149 53.1
19100097 79.0
19100200 44.2
19100177 53.2
19100187 91.0
19100111 49.6
19100124 44.7
19100258 81.8
19100009 68.5
19100064 45.6
18100058 98.9
18100185 39.5
19100109 62.0
18100222 75.4
19100172 49.5
19100203 80.6
19100010 71.0
18100025 35.0
19100023 88.8
19100250 50.5
19100017 44.3
19100088 73.2
19100191 86.5
19100118 30.0
19100020 51.0
19100129 32.5
19100049 96.5
18100205 34.4
19110102 72.1
19100175 39.8
19100157 78.3
19100021 97.2
18100221 40.0
19100100 50.9
19100122 89.3
19100002 49.7
19100094 77.6